1 633.083 362.106 7.02743
1 710.311 358.124 10.325
1 709.873 356.613 10.4566
1 710.202 358.877 10.7164
1 709.578 358.289 10.9262
1 710.339 357.914 11.2098
1 711.168 356.704 11.5264
2 726.197 353.388 13.0574 0.792126
2 720.972 354.151 14.4712 0.72032
2 722.35 356.182 15.8245 1.44343
2 731.011 355.369 18.6245 5.37681
2 40 40 26.8012 3.07503
2 818.717 367.337 32.2944 0.040081
2 40 40 32.8214 0.0443115
2 826.08 412.075 32.991 0.0418739
2 825.584 412.837 33.1653 0.04422
2 825.584 412.837 33.3429 0.0456848
2 825.584 412.837 33.6318 0.100807
2 825.584 412.837 33.835 0.0745316
2 40 40 34.1738 0.0658646
2 40 40 34.5744 0.065834
2 40 40 34.763 0.0642586
2 40 40 35.018 0.491383
2 40 40 36.1484 0.911182
2 40 40 37.7663 0.770554
2 40 40 39.0976 0.709229
1 40 40 40.2735
1 40 40 40.5407
1 40 40 41.0762
1 827.706 478.344 41.5263
1 941.522 535.296 41.8762
1 941.522 535.296 42.3945
1 823.121 466.908 42.8733
1 823.121 466.908 43.2607
1 823.121 466.908 43.4409
1 823.121 466.908 43.6095
1 40 40 43.7657
1 40 40 44.0824
1 40 40 44.4094
2 40 40 44.9179 0.397331
2 837.996 531.397 48.7263 0.68314
2 820.966 526.752 50.108 0.666737
1 837.881 465.991 57.1727
1 411.546 420.365 58.2905
1 844.028 303.375 59.7011
1 747.645 302.736 61.0131
1 558.128 527.724 62.4153
1 648.811 532.573 63.0928
1 848.287 416.603 63.815
1 629.793 469.912 64.5077
