2 640.706 375.198 1.87488 2.12224
2 1023.97 196.438 4.80854 2.00527
2 326.07 228.62 7.5469 1.95482
2 658.052 422.265 10.2877 2.00935
1 415.502 258.404 13.0306
1 524.181 344.989 13.7115
1 655.676 464.443 14.4111
1 817.61 489.299 15.077
1 1003.25 311.697 15.8028
1 921.749 218.199 16.4223
1 637.921 266.46 17.0806
1 445.482 265.593 17.7888
1 317.15 247.515 18.4889
1 447.468 320.838 19.1888
1 669.437 297.735 19.8555
1 705.878 229.848 20.572
1 523.548 269.439 21.2891
1 513.064 344.025 21.8687
1 651.259 416.731 22.6638
1 670.575 324.053 24.126
1 997.414 255.89 25.3521
1 421.124 296.656 26.7471
1 541.45 490.303 28.072
1 640.43 285.381 29.472
1 837.354 284.306 30.2032
1 864.432 411.298 30.8528
1 711.912 459.694 31.5054
1 506.702 305.762 32.2298
1 530.087 287.355 34.9602
1 655.509 457.63 36.3553
1 913.511 429.352 37.7138
1 967.892 194.767 39.101
1 754.57 231.743 40.4949
1 674.933 283.161 40.8055
1 573.219 295.486 41.1388
1 485.284 290.476 41.5137
1 464.792 313.073 41.8136
1 449.038 402.982 42.222
1 524.245 463.948 42.527
1 622.393 460.676 42.872
1 738.489 452.009 43.1856
1 847.952 428.27 43.5387
1 900.042 411.311 43.8779
1 918.571 395.255 44.2862
1 702.031 287.727 45.9515
1 570.441 256.296 46.444
1 409.178 230.807 46.9852
1 825.714 462.261 48.6853
1 717.782 456.762 49.2052
1 635.866 313.938 49.7186
1 621.895 182.603 51.4106
1 874.712 266.929 52.8144
1 764.755 216.177 54.1721
1 542.463 190.95 55.5353
1 453.805 250.749 56.9284
1 659.107 294.989 57.3937
1 869.23 267.863 57.9553
1 996.475 297.933 58.9436
1 1008.92 369.403 59.3385
1 957.66 435.172 59.655
1 873.803 549.671 60.1804
1 810.486 534.274 60.6457
1 727.338 448.655 61.0266
1 676.042 353.426 61.3853
1 641.78 315.386 61.6768
1 572.186 286.659 62.025
1 472.026 244.41 62.3859
1 378.396 239.741 62.7447
1 377.817 255.632 63.0772
1 373.326 262.502 63.4052
1 466.188 307.155 63.7548
2 675.3 291.596 65.2474 1.91897
2 340.743 291.422 67.872 2.02534
2 962.99 349.604 70.6553 2.06645
2 678.861 269.182 73.3467 2.08328
1 640.458 267.229 76.1022
1 641.269 285.075 76.7552
1 1095.86 244.945 78.1821
1 353.343 234.291 79.5523
1 1035.53 314.163 80.8779
1 285.479 318.168 82.2553
1 975.718 295.402 83.6387
1 308.558 327.739 85.0344
1 474.285 295.963 86.3746
1 803.031 218.801 87.0936
1 971.052 233.952 87.9011
1 918.453 350.096 88.1136
1 870.918 422.679 88.2633
1 424.164 402.014 89.0937
1 413.96 297.852 89.455
1 511.912 180.032 89.8101
1 544.362 375.158 90.1688
1 603.121 455.978 90.3518
1 771.244 510.183 90.6503
1 1009.47 447.868 90.9772
1 510.603 236.274 91.8514
1 456.957 401.456 92.2718
1 759.382 122.997 92.6051
1 768.932 406.157 93.4049
1 674.939 521.678 93.5853
1 611.782 587.228 93.7511
1 467.813 356.836 94.9601
1 518.7 518.6 95.1467
1 642.026 270.51 95.3194
1 608.249 429.636 95.611
1 605.829 530.026 95.8345
1 618.583 619.354 96.2014
1 726.954 563.613 96.4926
1 714.976 579.909 97.0946
1 672.228 526.114 97.3439
1 631.508 243.9 97.7133
1 483.452 210.11 98.0467
1 573.03 585.547 98.855
1 624.518 599.737 99.0519
1 706.819 591.152 99.2133
1 807.467 570.221 99.371
1 864.319 431.199 100.063
1 897.918 320.077 100.402
1 878.907 236.507 100.788
1 843.405 217.065 100.963
1 844.505 227.497 101.111
1 810.826 236.796 101.277
1 798.963 270.996 101.472
1 801.898 270.347 101.66
1 805.344 268.398 101.843
1 805.599 268.288 102.026
1 806.584 267.999 102.18
1 807.101 268.961 102.33
1 807.526 268.879 102.497
1 806.328 269.927 102.678
1 807.745 270.048 102.847
1 803.461 266.446 103.151
1 805.282 264.93 103.51
1 430.587 308.091 105.619
1 898.01 341.821 107.697
1 876.187 174.007 109.038
1 865.111 376.279 109.847
1 856.076 463.496 110.072
1 819.839 506.939 110.267
1 520.812 318.25 111.36
1 514.451 307.699 111.727
1 705.591 162.577 112.322
1 940.41 205.391 112.773
1 911.194 381.417 113.286
1 816.416 505.661 113.802
1 671.811 599.839 114.155
1 676.358 365.33 114.438
1 647.789 159 115.352
1 627.282 254.518 115.536
1 578.591 356.06 115.718
1 436.138 397.131 116.497
1 481.827 458.463 116.863
1 676.174 182.244 117.205
1 635.301 487.743 117.536
1 712.14 408.825 117.752
1 876.175 180.705 118.081
1 852.625 405.171 118.41
1 952.523 272.24 119.269
1 766.809 588.22 119.594
1 655.227 230.592 119.96
1 503.472 438.759 120.788
1 483.518 526.395 121.002
1 487.708 584.619 121.163
1 511.538 482.983 122.347
1 571.675 425.835 122.597
1 712.308 195.307 122.789
1 679.453 371.027 123.038
1 683.496 480.374 123.264
1 683.651 599.493 123.58
1 735.866 630.162 123.91
1 904.608 342.183 124.393
1 707.869 645.625 124.718
1 668.727 340.51 125.094
1 569.403 180.654 125.438
1 483.36 465.104 126.329
1 519.211 530.162 126.518
1 540.543 571.114 126.663
1 621.411 587.649 127.53
1 680.926 409.1 127.863
2 673.489 313.843 128.269 2.03102
1 738.726 211.052 130.919
1 728.963 248.728 131.326
1 706.632 407.663 131.694
1 652.871 485.522 131.993
1 544.069 399.495 132.343
1 486.092 294.996 132.688
1 473.199 356.783 133.04
1 482.818 463.077 133.355
1 562.721 512.541 133.73
1 679.731 410.464 134.03
1 772.672 299.278 134.388
1 773.791 295.571 134.738
1 807.938 269.202 135.071
2 658.378 341.018 136.438 2.10815
1 376.238 213.516 139.254
1 425.036 325.671 139.552
1 456.587 397.789 139.722
1 625.344 461.979 140.069
1 807.753 470.792 140.395
1 386.255 185.071 141.871
1 418.773 287.986 142.252
1 473.468 409.247 142.47
1 624.9 468.78 142.796
1 805.959 466.73 143.135
1 386.882 174.099 144.668
1 425.88 264.54 145.035
1 458.024 356.378 145.238
1 603.334 460.214 145.585
1 812.27 522.053 145.905
